<?xml version="1.0"?>
<opencv_storage>
<cs_rot_mat type_id="opencv-matrix">
  <rows>3</rows>
  <cols>3</cols>
  <dt>f</dt>
  <data>
    9.97789443e-01 1.55269289e-02 -6.46151230e-02 -8.35129432e-03
    9.93910432e-01 1.09874323e-01 6.59276545e-02 -1.09091818e-01
    9.91842985e-01</data></cs_rot_mat>
</opencv_storage>
