<?xml version="1.0"?>
<opencv_storage>
<cshomo0 type_id="opencv-matrix">
  <rows>3</rows>
  <cols>3</cols>
  <dt>f</dt>
  <data>
    7.67601132e-01 5.84880635e-02 -2.50983246e+02 -1.00474712e-02
    8.05621862e-01 -1.80861008e+02 -2.09932477e-06 4.38277748e-05 1.</data></cshomo0>
</opencv_storage>
